Quadrant SW
0

TOP
220
0
208
235
192
129
2
10
0
0
0
0
16
32
255
90
30
0
19


MAT 0 
159
159
159
159
159
159
159
159
159
159
159
159
159
159
159
159
159
159
159
159
159
159
159
159
159
159
159
159
159
159
159
159
159
159
159
159
159
159
159
159
159
159
159
159
159
159
159
159
159
159
159
159
159
159
159
159
159
159
159
159
159
159
159
159
16
0
0
115
63
92
208
178
128
128
198
223
255
255
255
255
255
255
255
255
255
255
255
255
255
255
255
255
255
255
255
255
255
255
255
255
255
255
255
255
255
255
255
255


MAT 1 
159
159
159
159
159
159
159
159
159
159
159
159
159
159
159
159
159
159
159
159
159
159
159
159
159
159
159
159
159
159
159
159
159
159
159
159
159
159
159
159
159
159
159
159
159
159
159
159
159
159
159
159
159
159
159
159
159
159
159
159
159
159
159
159
16
0
0
115
63
92
208
178
128
128
198
223
255
255
255
255
255
255
255
255
255
255
255
255
255
255
255
255
255
255
255
255
255
255
255
255
255
255
255
255
255
255
255
119


MAT 2 
159
159
159
159
159
159
159
159
159
159
159
159
159
159
159
159
159
159
159
159
159
159
159
159
159
159
159
159
159
159
159
159
159
159
159
159
159
159
159
159
159
159
159
159
159
159
159
159
159
159
159
159
159
159
159
159
159
159
159
159
159
159
159
159
16
0
0
115
63
92
208
178
128
128
198
223
255
255
255
255
255
255
255
255
255
255
255
255
255
255
255
255
255
255
255
255
255
255
255
255
255
255
255
255
255
255
255
119


MAT 3 
159
159
159
159
159
159
159
159
159
159
159
159
159
159
159
159
159
159
159
159
159
159
159
159
159
159
159
159
159
159
159
159
159
159
159
159
159
159
159
159
159
159
159
159
159
159
159
159
159
159
159
159
159
159
159
159
159
159
159
159
159
159
159
159
16
0
0
115
63
92
208
178
128
128
198
223
255
255
255
255
255
255
255
255
255
255
255
255
255
255
255
255
255
255
255
255
255
255
255
255
255
255
255
255
255
255
255
119


MAT 8 
219
223
216
213
239
215
220
216
217
220
213
223
227
216
225
217
221
214
240
220
217
218
220
220
213
215
216
245
217
221
215
213
223
228
222
219
219
216
221
241
241
216
215
222
215
218
221
220
223
218
220
217
218
221
217
29
226
219
208
222
214
222
218
216
80
6
6
115
63
92
208
178
128
128
198
223
96
4
100
64
1
16
0
208
3
69
64
19
0
51
48
128
0
1
64
52
0
68
82
128
0
0
0
240
64
48
0
52


MAT 9 
222
227
218
226
215
219
216
223
219
240
213
240
218
216
217
221
219
219
240
220
222
215
215
220
218
217
216
240
219
223
222
222
216
215
221
222
242
216
241
215
217
219
213
219
216
220
225
219
240
226
219
218
216
219
217
217
220
220
217
223
217
26
214
219
80
8
8
115
63
92
208
178
128
128
198
223
116
52
17
70
0
32
0
96
48
51
59
66
1
80
112
128
0
4
16
227
67
84
64
82
0
0
0
149
112
2
67
48


MAT 10
159
159
159
159
159
159
159
159
159
159
159
159
159
159
159
159
159
159
159
159
159
159
159
159
159
159
159
159
159
159
159
159
159
159
159
159
159
159
159
159
159
159
159
159
159
159
159
159
159
159
159
159
159
159
159
159
159
159
159
159
159
159
159
159
16
0
0
115
63
92
208
178
128
128
198
223
255
255
255
255
255
255
255
255
255
255
255
255
255
255
255
255
255
255
255
255
255
255
255
255
255
255
255
255
255
255
255
119


MAT 11
159
159
159
159
159
159
159
159
159
159
159
159
159
159
159
159
159
159
159
159
159
159
159
159
159
159
159
159
159
159
159
159
159
159
159
159
159
159
159
159
159
159
159
159
159
159
159
159
159
159
159
159
159
159
159
159
159
159
159
159
159
159
159
159
16
0
0
115
63
92
208
178
128
128
198
223
255
255
255
255
255
255
255
255
255
255
255
255
255
255
255
255
255
255
255
255
255
255
255
255
255
255
255
255
255
255
255
119


MAT 12
214
217
223
215
219
227
220
220
220
218
218
227
219
240
217
218
221
216
217
218
223
214
219
227
227
217
217
240
217
240
219
216
219
214
240
218
223
219
222
239
221
222
220
215
215
221
219
223
239
219
220
215
220
214
225
219
49
29
215
240
219
222
221
219
80
39
39
115
63
92
208
178
128
128
198
223
68
3
240
4
0
0
0
128
3
52
55
34
0
4
64
35
0
0
16
97
1
96
115
52
0
0
4
240
255
124
19
48


MAT 13
220
217
220
215
217
219
216
216
215
214
218
220
239
221
222
217
219
215
223
221
219
219
219
215
218
219
218
219
220
223
218
217
220
220
215
215
222
221
240
217
217
217
220
217
240
216
218
223
221
220
217
225
216
219
221
216
27
29
227
218
216
222
221
220
16
0
0
115
63
92
208
178
128
128
198
223
48
7
4
32
0
32
0
130
48
22
36
0
0
4
1
64
48
4
64
98
52
64
50
80
0
0
0
128
255
223
255
31


MAT 14
159
159
159
159
159
159
159
159
159
159
159
159
159
159
159
159
159
159
159
159
159
159
159
159
159
159
159
159
159
159
159
159
159
159
159
159
159
159
159
159
159
159
159
159
159
159
159
159
159
159
159
159
159
159
159
159
159
159
159
159
159
159
159
159
16
0
0
115
63
92
208
178
128
128
198
223
255
255
255
255
255
255
255
255
255
255
255
255
255
255
255
255
255
255
255
255
255
255
255
255
255
255
255
255
255
255
255
119


MAT 15
159
159
159
159
159
159
159
159
159
159
159
159
159
159
159
159
159
159
159
159
159
159
159
159
159
159
159
159
159
159
159
159
159
159
159
159
159
159
159
159
159
159
159
159
159
159
159
159
159
159
159
159
159
159
159
159
159
159
159
159
159
159
159
159
16
0
0
115
63
92
208
178
128
128
198
223
255
255
255
255
255
255
255
255
255
255
255
255
255
255
255
255
255
255
255
255
255
255
255
255
255
255
255
255
255
255
255
119


I/O Ext & I2C Mux Registers
128
0
0
0
0
32
0
0
0
138
10

